incident_id,predicted_killer,p_killer_1,p_killer_2,p_killer_3,p_killer_4,p_killer_5,p_killer_6,p_killer_7,p_killer_8
0,5,0.028969094386226017,0.006041970214083928,0.034311836787367836,0.00396931775162557,0.8534716416666522,0.005159979384341098,0.009151247715206685,0.058924912094496594
1,7,0.0004078272955582052,0.00021489820153572676,4.032284746724539e-05,5.576027713926573e-05,0.0008335573957531017,0.0002654647633919527,0.9980858994202186,9.626979893545497e-05
6,3,1.8289305952548952e-06,1.8157026245176053e-06,0.9972078641304762,3.682507808157255e-06,0.0021870469068344797,1.6169256041590467e-05,2.109019143857673e-05,0.0005605023741809387
7,4,0.0022119620343618793,0.0019165125524158422,0.0002920948821340791,0.9273617294188766,0.0011302897457642527,0.0010745071731958257,0.06515377495249625,0.0008591292407555684
17,6,0.0005367203824524689,0.00042855986632908704,0.001101973005248619,0.0005179801911537328,0.0003209379611766341,0.9964963486450652,0.0003528904381914977,0.00024458951038258025
20,3,0.00011291374164749253,8.551724047502518e-05,0.9809163736473524,0.0001268875801632596,0.017185277936673772,4.1923690769366815e-05,8.37404789612217e-05,0.0014473656839571723
21,4,0.0021198725485760553,0.00056858307109335,0.0002337515998538172,0.995521161196982,0.00043497232045143833,0.0004524204432174932,0.0003034031570884965,0.0003658356627370952
23,4,0.019399064896331773,0.02045510419521654,0.01711904370154955,0.6849028850019014,0.033516702142107634,0.021500328180206526,0.19076224607900058,0.01234462580368574
26,7,0.0019104101271518255,0.0003859623293941772,0.0006378794268440131,9.837795004320044e-05,0.00027980479151224976,3.246013720661206e-05,0.9966020852272991,5.302001054883952e-05
27,7,0.0006580347854712672,0.0003426093686417536,0.0002744539596674382,0.00018965938499930791,0.0015711107476421772,0.0004482084551272017,0.9963408286216794,0.0001750946767717065
28,3,4.384406255499156e-06,3.5080777874537707e-06,0.9959409901909585,0.0003877564013539014,0.003064521570764244,2.1632951109269704e-05,7.713541734968488e-05,0.0005000709844213394
33,3,0.0003819067647671218,0.00035946431483191123,0.44819709098754007,0.00030299691254927945,0.397143446141833,0.00028273240619746016,0.0011779546520674085,0.1521544078202135
36,3,0.0019037190002897837,0.0006730295601401655,0.8487660875844989,0.00031937736071103355,0.12571115928759166,0.0003322808047375481,0.0009318308198473062,0.02136251558218358
44,4,0.009226597228879304,0.0009127244099390217,0.0011207523567286607,0.9846094426390386,0.0006073306726389799,0.0007127096981447562,0.0022310040389345526,0.0005794389556960999
45,3,2.873299988904094e-05,2.9154332096734805e-05,0.9868005653650511,0.0007173142493430275,0.009865606287195088,9.447464271525782e-05,0.0011761791956181784,0.0012879729280916487
48,3,0.001517731433204991,4.485379758888073e-05,0.9977248675518093,0.00026347250055905097,0.00022935643249697856,2.161837370198878e-05,5.738368580889995e-05,0.00014071622482984028
51,3,1.0339948287757418e-06,9.02331375062113e-07,0.997932417043939,2.1075604434234906e-05,0.0015482668787050533,7.550239241458602e-05,0.00018864241169432608,0.00023215934260893014
54,3,1.6509180507677024e-06,1.3516342481613454e-06,0.9974240340944484,5.658487505004703e-06,0.002057983608981778,1.9519147793407945e-05,1.3699534536386407e-05,0.0004761025744359589
56,3,5.113656940217106e-07,4.1909284933060145e-07,0.9990332627305496,1.3823905109780156e-06,0.000797879372258738,3.5705992511042656e-05,4.002853714800908e-05,9.081051847797752e-05
60,7,0.00031647410552707874,8.257801073815488e-05,3.4022241534687576e-05,0.0001035852576904905,0.001438489267162604,9.650933921330003e-05,0.9978621271476242,6.621463050916319e-05
61,3,0.0005781198989715123,0.0007695431539476015,0.9778688112600589,0.000846492357727501,0.013082255843968113,9.105993411357536e-05,0.005493540505627346,0.0012701770455850051
62,7,0.0006214136645200304,0.00020529323196582632,0.0001185663955330466,0.0007519569798826742,0.0020216861350128724,0.00038751208110886345,0.995449904081654,0.00044366743032267026
64,6,0.00020611891763878303,0.00021409323835479166,0.00020512994046696415,0.00034198241379057516,0.0004048060262265414,0.9980993640753348,0.00020078923731819395,0.00032771615086908223
67,6,0.009534522501947456,0.004222040995076645,0.008116096404106005,0.002009112221112651,0.002103527110850216,0.9566974220744784,0.016077332107846974,0.0012399465845810097
69,2,0.004916696521041965,0.9780888234651305,0.0009663028132496265,0.0012039062993975586,0.0015335958088927815,0.0017177439724564661,0.010630768470338805,0.0009421626494922774
77,7,0.0009448859494486165,0.00032101241396044564,0.00011512289297385767,0.029490627071186545,0.0006612581958106536,0.0002793336830569603,0.9680063272415662,0.00018143255199714377
80,3,0.0020121617356170267,0.0012220536229991465,0.9806141821175508,0.0007412618985661488,0.01061205421248894,0.00014037178731792006,0.001057052102464632,0.003600862522995086
94,6,0.000828303348466045,0.0001813478043467898,0.0007240735897340967,0.000435473044712522,0.00027775123702496396,0.9968907353438107,0.00041781143336428345,0.0002445041985401822
99,3,0.00022959705637890882,0.00013946372137364784,0.9858772068449642,0.0006118391100466326,0.007968011129284391,8.864345249657249e-05,0.00024016679379885842,0.004845071891656626
102,2,0.0018302460694373955,0.9832287178617444,0.0011449255854665318,0.001179904307395872,0.0016928398583131658,0.0014388615543483036,0.008437810468380623,0.0010466942949137476
106,2,0.004887742359870693,0.9374645603285822,0.027816070730124775,0.0037818278918794954,0.004871673686683591,0.0007282044719773499,0.019430787149380208,0.0010191333815022642
108,3,1.0246532753565858e-06,7.646529617764149e-07,0.9984091855516349,1.5461972684432825e-05,0.0011407142706924994,4.618571209364305e-05,2.1191755640153342e-05,0.00036547143101691663
109,6,0.010253888666143627,0.0017102849669189328,0.0079833457385624,0.0021006378747061064,0.0010483922219964128,0.9739547281362329,0.0021559348081423655,0.0007927875872969748
113,3,0.002353820420440384,0.0012265301113678665,0.9415022828565585,0.0013636385547354947,0.025714018226262722,0.0005523598017323966,0.0026812436097253564,0.02460610641917743
120,3,1.3507396367283423e-06,1.3284734917917617e-06,0.9976614817592582,8.837469880681914e-06,0.0017595673103955693,1.6406902818916e-05,4.648995534654669e-05,0.0005045373891713377
122,6,0.006919950023307242,0.0016001216067791143,0.001395338797542677,0.0006954674561906042,0.0004708832033390859,0.9878998883982041,0.0006837523640329757,0.0003345981506039024
126,5,0.04702962888677647,0.0046548960530768315,0.07796366099341401,0.004076671911171352,0.8345147588662785,0.01517037297427678,0.006004085799204783,0.010585924515801598
127,3,0.019207951345023344,0.003231081911175339,0.3596530057530139,0.0024033248057885076,0.5058006416760873,0.0030724717329082174,0.006350970260699009,0.10028055251530446
128,6,0.0001930489863075613,0.0005026952048231751,0.00035152367374268476,0.0002478142889582406,0.00029396119451260614,0.9978795798810685,0.0001880553924762655,0.000343321378111327
132,2,3.2815949412009664e-06,0.9982970429858691,5.910499399226541e-05,0.00013940399941487824,0.000675098163426675,8.777633948692843e-05,0.00044085245131812457,0.00029743947155077606
135,7,0.004932684065032445,0.0032802313540225224,0.0028934276389876003,0.4876894869404921,0.00912726318959912,0.0016913964156549338,0.4888887405884857,0.0014967698077254844
139,1,0.9570424454327594,0.006143787200247907,0.007966212801419778,0.0033342942795450544,0.002439087630124029,0.018985009694103112,0.002013705542716483,0.0020754574190840463
141,3,0.00022762849161122578,0.00013532633169424858,0.9764413829914108,0.00015819751624220738,0.010777900016185397,7.662662676233078e-05,0.0002851219537327492,0.011897816072360642
147,3,2.6613784336564627e-07,1.374400267359351e-07,0.9996273478762137,7.4693592652763555e-06,0.0002726667875817788,2.451150169504252e-05,9.172876414813114e-06,5.842802095935672e-05
148,3,0.00046301755053379165,0.00010209033548683827,0.998388841284226,4.202462163756001e-05,0.0006729850059226671,6.466846261076552e-05,8.213324200264788e-05,0.00018423949758032877
151,7,0.0031468647244458814,0.0011131942834887293,0.0038834248044177693,0.0029226477824974414,0.003041434843470367,0.0004300998544628817,0.9849959305931631,0.0004664031140536888
154,6,0.05907592791881108,0.030390552406667964,0.00242007977993824,0.0013425312807763066,0.0013043603418061206,0.9018371217972906,0.0028532528915588906,0.0007761735831509721
156,3,6.360920441268248e-07,5.374732868832989e-07,0.9987948850090763,1.299602947756966e-06,0.0009911469162869966,2.0489856124779305e-05,6.308688607807734e-05,0.00012791816415500177
165,4,0.0007734373048647802,0.0004954169333056894,4.984903795330607e-05,0.996644752558562,0.0003016448093305676,0.0004761158627448213,0.001060757346369506,0.00019802614686997855
166,3,0.014521448433512439,0.007581208869794006,0.7715153228219317,0.006664866053856382,0.1586801125540679,0.0015220369889243064,0.005016863852773607,0.03449814042513972
171,3,0.0036282828408152933,0.0005742292623568789,0.9934235849975868,0.00022571627193007025,0.0003979509716847445,5.2592550957181524e-05,0.0012085556797605714,0.0004890874249085074
177,3,0.00192816096085777,0.0011865991118464642,0.8796597587398449,0.001145440636346357,0.01921014671324333,0.000697159269206265,0.004013992074874145,0.09215874249378037
180,3,0.0002522522375570933,0.0002504907429641517,0.9956750254325016,0.000597598297974593,0.002232686911486849,9.357776363594208e-05,0.00024252927940769632,0.0006558393344722129
182,6,0.000333981721598714,0.0002501418353962209,0.00020285287441169542,0.0002623057839680799,0.0001719543831629961,0.9984902027246073,0.00012244727261857878,0.0001661134042364484
183,3,3.1127043942865906e-06,2.482791419522172e-06,0.9968305040914849,9.076653188879037e-06,0.0025510065837536684,2.2327173814768278e-05,2.219542375841221e-05,0.0005592945781854307
185,7,0.001171057330793448,0.00034801056283370634,0.0009309527553429035,0.01993212871887612,0.003524880146556974,0.00013596017290641116,0.9737799022849347,0.00017710802775587582
191,3,0.0001832684349733562,0.00017591586360693224,0.9710730498903266,0.00021672858576313536,0.02613153951491848,4.55020820045387e-05,0.0004055402198371019,0.0017684554085699447
195,3,0.0006905788453627702,0.0007737710364666868,0.9502035007453176,0.00043617177563204775,0.04308749194621009,0.00014196339952664427,0.00024910614707927565,0.0044174161044051655
198,3,9.096803409153928e-05,8.233731945535634e-05,0.980833654114923,0.00015558253049730809,0.01778313983879711,3.8489050757397516e-05,0.00013846125127188897,0.0008773678602064023
209,7,0.00038949313456309193,8.290736252197064e-05,2.224733995239724e-05,5.2262103814324754e-05,0.00021455237867734747,0.0002699826202306135,0.9988764088894988,9.214617074151414e-05
211,3,2.004570360907366e-06,1.1840511924775764e-06,0.9976128882948494,9.494220022747841e-05,0.001934986483275422,1.9311242369812166e-05,3.1666089068727415e-05,0.0003030170686559328
213,3,0.0004812110051445331,8.706773335595296e-05,0.9965692079189084,6.975149476550446e-05,0.0016380167227781097,7.028703793898603e-05,0.00017502952550469585,0.0009094285616038203
214,4,0.001021277161926398,0.001038921322273476,0.00481400025458647,0.9854777686641378,0.0025921036769823804,0.0008842788645745896,0.0011076584743971907,0.0030639915811213948
220,3,6.379775823572235e-07,3.944134236048747e-07,0.9987827543336302,4.626429715630884e-06,0.00097310307120115,6.193201790465325e-05,2.2566083927108804e-05,0.00015398567261540322
224,6,0.0021803695627303724,0.03479711533792225,0.0011664879591960602,0.0005442380414381166,0.0006744848649697008,0.95915054092039,0.0010151812112758095,0.0004715821020775203
229,3,0.0002371744026109585,0.0001928561253528916,0.993255897350114,0.001309070109958759,0.003585243070960645,4.901993871139988e-05,0.00029145056405443826,0.0010792884382364743
231,5,0.007123342991221951,0.0019151114894183179,0.02798880759111107,0.24800346972001572,0.6986372447713814,0.0014238416702121446,0.006435357054067963,0.008472824712571188
232,7,0.00023565275319707078,9.390280701897488e-05,4.7779354015401444e-05,0.0006744540344655635,0.001080384492473981,0.00020547934977595617,0.9975146342727839,0.0001477129362692582
234,7,0.0003110675453862196,0.00024169499929271564,0.0005727844111365162,0.0004085069378668577,0.0017547990001978461,5.8721541018188415e-05,0.9965724873821836,7.993818291813678e-05
235,7,0.0009425495201916521,0.00029101654345365817,3.442878692382619e-05,0.003396238358558004,0.00019523053677691996,0.00047145502551556207,0.994540933072666,0.000128148155914752
237,3,7.81637919387547e-05,9.033675744653266e-05,0.986922803403897,0.0010165765834395648,0.010499900129930208,3.015214744225095e-05,0.0010634667867622692,0.000298600399143338
240,3,1.574145477491736e-06,1.1831401956516512e-06,0.9979096745769321,4.750140578780749e-06,0.0012920498706722066,2.285734585629751e-05,4.665269327164244e-06,0.0007632455109603299
247,3,0.001024893017713126,0.0007236454766931531,0.9931338239661386,0.0006229782739882457,0.0018488884560484546,0.00035299209543187,0.0014224128286190784,0.0008703658853676354
250,6,0.0005273064117829825,0.0004271636306220212,0.000848219705636624,0.00036512584413507765,0.0003033415242871529,0.9970084292568177,0.0002414295547371465,0.00027898407198118726
253,6,0.0006316020553133641,0.0022253288341107322,0.0005335267965027558,0.0005132929979025023,0.0007507646671412188,0.9938654006395469,0.0009775997617296815,0.0005024842477527439
255,3,1.5755806500779617e-06,1.3131942871354324e-06,0.9985800996268781,5.994454400280256e-06,0.0007809148108498915,2.3336389980181816e-05,6.320846408688912e-06,0.0006004450965455239
259,3,0.00028267829755265674,0.00014493322442645008,0.9948325692522122,0.0008767156544857588,0.0014355916968670297,3.1071335376544835e-05,0.0002885415685652591,0.0021078989705139053
263,6,0.00042923685742896246,0.00024879081759724266,0.0023590492363130527,0.000520170542531612,0.0005373779320019338,0.9949878628618154,0.0005184182561345593,0.0003990934961773854
270,3,8.070266706335577e-05,6.866766770462117e-05,0.9647141372134728,0.0001459152984741292,0.02998039759854438,6.705346015686171e-05,0.0009711127700830211,0.003972013324500878
275,7,0.003506952258328316,0.0026014675903683593,0.0020013195999774853,0.0025346373498422296,0.0062830531126701564,0.0014543309847422524,0.9802181316116015,0.001400107492470121
279,3,0.0014398554494409988,0.00027400401661317243,0.994609176558632,0.0005137967149800367,0.002203346486322323,5.6719267018331305e-05,0.0002588995336660814,0.0006442019733266325
287,7,0.0006433284095667472,0.00029270812422143953,5.163865054367469e-05,0.00022055725796801844,0.0004321369597960488,0.00039300108929465986,0.9977905072660458,0.00017612224256398164
289,3,0.0003006161817137466,0.00021666959575842817,0.9810212137973545,0.0001713233883832915,0.013343867778228102,0.00014266209734559352,0.0006688253377010155,0.004134821823515855
297,3,1.0222125959710767e-05,8.058810288936386e-06,0.9942362535366335,2.2981576971767793e-05,0.00512191513027335,4.849229926517567e-05,5.3434916367075744e-05,0.0004986416042406372
306,6,0.0004528780646956661,0.0005152009398127804,0.0009558965718844912,0.0007300595834516486,0.0005022409152380856,0.9957967230915526,0.0006380675509843708,0.0004089332823806432
312,3,8.617849480992968e-07,8.16071933054081e-07,0.9979983470284011,1.3688645814739804e-05,0.0015869031470014457,1.7255740344542985e-05,3.270532384008471e-05,0.0003494222577168608
313,2,0.016827192809917485,0.9708235649154806,0.004834194011522845,0.0006560358066840186,0.0012989401013796741,0.0040783046689173,0.00091687092171154,0.0005648967643861426
315,3,0.005032357877917646,0.0005989075421199467,0.9775499058757376,0.0034428059020595735,0.0011068694269067063,0.00012679732864298958,0.01143961303312355,0.0007027430134921176
317,3,0.0002915446375204068,0.00023330613580945796,0.9896017467746359,7.964068267443298e-05,0.006046342049549918,0.00011672754886734323,0.0001698121552923786,0.003460880015649773
326,3,2.0944173793084312e-05,1.838842642941608e-05,0.9913222815989824,4.034278685178329e-05,0.008315323532571063,1.2026323797079594e-05,4.2662250102558935e-05,0.00022803090747250548
328,3,0.0005451174703829934,0.0001273544120708096,0.9973522328130229,0.000271892964050967,0.0005917266262140999,4.391831642222121e-05,0.0005320522129164943,0.0005357051849192482
329,6,0.0011103832735297674,0.02029677778465292,0.001101952652095695,0.0004569040220022006,0.0006731619987602133,0.9754939093829916,0.00042477725955969155,0.00044213362640785716
337,3,0.0009660816218790244,0.00028185719458684533,0.9977235337796344,0.00010301211839486675,0.0006063191043921153,4.912639876015508e-05,8.59324120902825e-05,0.0001841373702622654
338,2,0.0012182193561788336,0.9944348922359184,0.0013219515795924951,0.0003520481043475358,0.0011610169286370288,0.0002664707232784934,0.0006862588796129078,0.0005591421924343962
341,3,1.0180053423231474e-07,5.865613031555084e-08,0.9994756150127259,2.1985022817590706e-06,0.00038827457882314954,1.6292783930812916e-05,4.4300510485367805e-06,0.00011302861452541191
346,3,3.162892982328906e-06,1.9938738240025216e-06,0.997151275145363,9.803647651168453e-06,0.0026241481829532547,7.208234090121963e-06,8.877092297991039e-05,0.00011363710015626334
350,3,5.352467228399351e-07,3.420531261147074e-07,0.9988923578197335,1.5521593203554419e-06,0.0008599683819352225,1.970850972369311e-05,3.43496760689881e-05,0.000191186153369301
351,6,0.013903668981927266,0.0010316523775902998,0.0005369625345747205,0.0006421807531299728,0.00044530412737057046,0.9825250275704583,0.0005121815120850316,0.00040302214286344764
353,7,0.00023738355266559913,0.0006337739607357907,8.60571961970672e-05,5.95944678986283e-05,0.0007339501691808065,0.0001051670465552692,0.9979769123430141,0.00016716126375261763
354,6,0.00031705182183334286,0.0007116647058219602,0.0002534203595607558,0.00033324605346848944,0.00034864938478470695,0.9975181529558174,0.00021772478628628424,0.00030008993242722925
358,6,0.00010746016643412265,0.0007117264222464475,0.00020027326021314422,0.00027107585453527426,0.00032638292387312173,0.9978898965521876,0.000204063506265805,0.00028912131424423636
359,3,0.0004789274756185436,0.0004074485989194235,0.3999196873249338,0.0001414780434005414,0.5810429768059112,0.00018486616237449192,0.0004587572235977512,0.017365858365244027
361,7,0.0023416095560044588,0.0018426534410734342,0.00047805109633563284,0.000832093712909658,0.0019845508131464667,0.0005062420547598117,0.9914308669021097,0.0005839324236612148
363,1,0.9600790726456485,0.006477245541918787,0.0009263326853300204,0.0008842607683681176,0.0008447338839554432,0.02841018975404786,0.0013259712983689001,0.0010521934223619144
367,7,0.0012160403297589073,0.0003862366734234356,0.0002021788794419066,0.0016380762040684317,0.00169574888971214,0.0005626392946687025,0.9940590765047672,0.00024000322415932565
369,3,4.304358795150572e-07,3.3085700598513926e-07,0.9986585403665035,0.00010105713559666323,0.001112193868737487,1.414905321446513e-05,3.969049864933388e-05,7.360778441286614e-05
370,1,0.9879025483165703,0.005398799937126452,0.0014357023641188927,0.000784704129761407,0.0008296980027662857,0.0019725153624827714,0.0003344829518577718,0.0013415489353160361
371,3,0.028838993275737277,0.0003054282038916828,0.9696909673887951,0.0002947357717460897,0.00027240708029911204,6.477516950369912e-05,0.0002298161452395809,0.0003028769647875124
372,3,6.051767754549773e-07,3.8268948695345415e-07,0.9989091260773405,5.2899111439362825e-06,0.0008657051640687174,8.621321726582193e-06,0.0001544725490202197,5.579711043762246e-05
373,2,0.006072954255225591,0.9513249446072415,0.005324777953273739,0.0018013909618575937,0.0030439475731457483,0.0010980762339812733,0.029976615590688652,0.0013572928245858457
374,2,0.006087149941117149,0.9623808509274795,0.004010942726369486,0.005341459014964177,0.0077602933223654535,0.005141659646075465,0.005845010613936908,0.003432633807691966
375,7,0.0002344603395104016,5.514182771037053e-05,0.0002230034105385213,0.0001384608578314291,0.00013411299853422336,4.7988688998199466e-05,0.9991237295219911,4.310235488592357e-05
377,3,5.31208285795368e-05,4.023426820328323e-05,0.985186854974509,0.00018734576386603098,0.012322045532196168,5.410620008868204e-05,0.00010470171574888515,0.0020515907168086518
379,3,2.9024766296990664e-06,2.62025706013573e-06,0.9962614762413777,4.093355020006207e-05,0.0031367468172406893,5.831651191048854e-05,0.0003572671192802437,0.00013973702630111582
380,6,0.0014039297128532172,0.0005131748052033888,0.0015944349674277523,0.0006311805356477385,0.000675789721303727,0.9941483385153477,0.000517146728899093,0.0005160050133175293
381,3,0.0004336420724109583,0.00018980670449389743,0.998143675852152,4.2428992423902776e-05,0.0009691975445542234,3.162815737374142e-05,9.420740591075359e-05,9.541327068003194e-05
393,3,6.640118281202452e-07,2.7432943808591923e-07,0.9991626939098449,3.758464123771701e-05,0.0006848741317747143,1.3647998317078485e-05,2.5585537708785405e-05,7.467543985049725e-05
394,3,3.6603435248579543e-07,2.890021342927538e-07,0.9986848977883552,1.790289523570218e-05,0.0009120772792644887,4.1815299208395255e-05,4.7566164476396924e-05,0.00029508553697310953
395,4,0.0019473088650585218,0.0007337199565219834,0.0002351960522947,0.9943627332203699,0.0006107647185499791,0.0006004667868915074,0.0010099191188546314,0.0004998912814587934
401,7,0.00042821480713187246,0.00011356054684421346,0.0010422729274884987,0.0010190567820288258,0.003192134129654818,0.00021746942856840646,0.9938741909494677,0.00011310042881542269
402,3,1.8686535783505092e-06,1.297183123806616e-06,0.9972532898337576,4.107130754194423e-05,0.002041151674992261,6.55066287292526e-05,9.392855761836179e-05,0.0005018861606585901
403,5,0.0030679254148770633,0.0021764763501063342,0.02168333436517907,0.001279056585123724,0.8815992946330068,0.0012485421129730119,0.02639694382526056,0.06254842671347367
411,5,0.00028134724809985266,0.00035762587552153405,0.3230484072990021,0.00044552547227982197,0.6378113081888825,0.00020960154582058674,0.005320964331639227,0.032525220038754486
414,2,0.007166811381694899,0.958169928092773,0.00452202568455148,0.005262729299068559,0.007462658015954933,0.005261713368364475,0.008782300615128642,0.0033718335424638667
418,4,0.0026650441728566076,0.0011970285148504686,0.0004749032970354631,0.9919463824200792,0.0012952472444768808,0.0009061326500665573,0.000758054447857273,0.0007572072527777115
419,7,0.00015744711709160782,0.0002509018245333067,0.00017539774537324632,4.900619448620172e-05,0.0006578342778039917,0.00014139412486595932,0.9985125449467801,5.54737690653277e-05
422,7,0.00015579738826655774,2.7534253910434105e-05,6.542768417224872e-05,7.766366840210644e-05,0.0004335500120513842,8.632466177959186e-05,0.9991043158872633,4.938644415444831e-05
423,3,0.00019863557225489184,0.0001696723665430487,0.965437044435379,0.000251502076405893,0.023614501555468365,0.00010950662575192442,0.0007396789554131688,0.009479458412783694
424,7,0.0007477617634460861,0.013746470812037455,0.002474426317901224,0.0006729379842681361,0.0031839144827096977,0.00018228232607334189,0.9787302106884339,0.0002619956251295342
433,3,8.945081931217172e-06,6.098980501064871e-06,0.9945184963394452,2.0668229475579854e-05,0.0048415040354701,6.0782681931011844e-05,9.647164515318214e-05,0.0004470330060925638
436,3,3.3945048258807575e-07,2.3072047965168402e-07,0.9988914151313989,3.1815089420618025e-05,0.0008606005774146563,3.490805844876701e-05,3.687938502837424e-05,0.00014381158732650732
438,6,0.005061244773440627,0.0038132185365639935,0.003521189438605279,0.001337230672409939,0.0009209299179454635,0.9820793769258757,0.0026600978841000485,0.0006067118510587093
444,3,1.8684259875075935e-06,9.692372145059892e-07,0.9981212466209366,4.782170649198883e-06,0.0017450230827199935,2.3107197828562523e-05,3.407907008460385e-05,6.892419457892168e-05
446,6,0.0004413671704230849,0.0001621735187370976,0.0005633606347090137,0.0004422958214300122,0.00047120289090112446,0.9972533864182506,0.00029815301127710024,0.00036806053427180656
448,6,0.0024697421065666835,0.018889605297908944,0.00045334627539127985,0.0003627225742368567,0.00036791166395922176,0.9767515887795841,0.00039648940649863004,0.00030859389585443026
453,7,0.00036940572820004936,7.954637005379582e-05,4.2891448892175865e-05,0.0004510451272671738,0.0007321631379578103,0.00017500931022482335,0.9980134855801329,0.00013645329727140698
454,3,0.0025662354811412567,0.0004910586510661543,0.970309358820394,0.00022045276454234834,0.02319253467104571,0.00029102637399752913,0.000662452557517899,0.0022668806802954005
455,3,0.0002847519794386973,0.0021471716823470983,0.9943619504062531,0.0004269101199340101,0.0016119337913360356,0.00014611331087836205,0.0004965943502696431,0.0005245743595426675
457,1,0.9815826391558011,0.003778134517986768,0.0011070060741056973,0.0017388454938349835,0.0038166322903666473,0.0034561842901803443,0.0015708581028851124,0.002949700074840014
458,3,4.776004697435783e-06,5.014746263153487e-06,0.9964259910217547,0.00011098818162857869,0.002519407730025607,1.3227376555522426e-05,0.00041291543927732494,0.0005076794997978961
468,7,0.0009086140696968646,4.678793001294787e-05,0.00011374284578070172,0.00015230899439114693,0.0005828172103355865,0.00010540740970619425,0.9979617134215906,0.00012860811848628385
473,8,0.0009079935388674613,0.0009349505047732711,0.025480648916327456,0.0005930090389012591,0.1034550645945545,0.0006829537551022063,0.0004604433361813049,0.8674849363152924
481,3,8.408785905300902e-07,6.862104494462375e-07,0.9985738023082945,3.4003637382549807e-06,0.0011520100029308634,6.081383922696994e-06,0.0001158996247479266,0.00014727922732572552
483,2,0.0031024964903346693,0.972536224438665,0.0017987458760000698,0.0019695241403894174,0.00265694326217648,0.0018954853536808324,0.014727829086678228,0.0013127513520750922
484,2,0.011624454266994034,0.9786847727730303,0.0006887365515502843,0.0004278471985612572,0.0002473802942591686,0.0058319914978629765,0.0022873515087554713,0.0002074659089865453
489,3,5.574459139971787e-07,4.49249848304928e-07,0.9992138360209768,1.551608133962514e-05,0.0005156551498810023,1.1782105824699345e-05,1.0675029755824922e-05,0.00023152891645982445
496,7,0.0008662704967592181,0.00029825258109860624,4.0855135381515956e-05,0.000351586679195321,0.0012227348093466618,0.0004153752691977385,0.9966860808226852,0.00011884420633568758
498,7,0.0004090804478409386,0.00038525810008724213,0.01315160001550113,0.0004097362456490782,0.011461694058398938,0.0001300235195145232,0.9738963322546411,0.00015627535836694543
501,6,0.5128813836865047,0.015334277299002197,0.006678362510355797,0.001831352071338889,0.001022123538450385,0.45396795199517154,0.007218360463759791,0.0010661884354167077
507,7,0.0002233399128085553,4.1508150244878174e-05,5.01981502549861e-05,0.00011472176233805672,0.0005127233733568932,0.00012798387309937,0.9988567053187921,7.281945910528535e-05
511,3,0.0009232399171833685,7.300471058992288e-05,0.9966950493678801,0.0001466131912897145,0.0009262331607935804,5.495644165776195e-05,0.000148825300729694,0.0010320779098754338
515,5,0.0016909331187373046,0.001058788254812258,0.004612459750867568,0.0015395895777281978,0.8952447793691196,0.00108470710095745,0.002514758216801179,0.0922539846109765
517,3,0.0010137902677520379,0.00042336497016963936,0.8986501060664719,0.0006797540904907013,0.08575948094370169,0.0002886123573422969,0.0008012516113451212,0.012383639692726446
519,3,1.599381128101044e-05,1.1669861968133876e-05,0.9933569076515689,3.259810585483403e-05,0.005687058091571406,3.8624219770305464e-05,2.4092251794453295e-05,0.0008330560061911551
521,3,1.6813185907909638e-06,1.248882434156884e-06,0.9977667190874031,6.990119995706848e-06,0.0018470262121711217,2.0433462241941652e-05,7.452057518453768e-06,0.0003484488596447908
525,7,0.0011831041956854916,0.0001633362745437776,0.00019520735344326714,0.004336694921444899,0.0018507971068755754,0.0002709116385761112,0.991644109285535,0.0003558392238956977
536,3,0.0033623518831975064,0.0016116113841108703,0.9916660242582281,0.00028838962292368465,0.0021301881610896562,5.266774150220691e-05,0.0003982680463123921,0.000490498902635604
541,5,0.0010378604991849681,0.0003329079225197652,0.0014551762109192693,0.00029319962189889025,0.9868801299754588,0.0004092964852567611,0.0005523015745162677,0.00903912771024469
544,3,0.00022444747704093222,9.461382159361127e-05,0.9806395030887843,0.00035854527846981024,0.013180874772170028,4.4567229751967385e-05,0.0002056640417647842,0.0052517842904244725
557,3,1.3814429647340148e-06,6.829576320158789e-07,0.9985204326916072,4.795053015924671e-06,0.0013395267874600522,1.0474902652890296e-05,4.184063149500872e-05,8.086553317219408e-05
558,3,0.005818021508235582,0.0024077820509232693,0.9338399186111084,0.0003411958709516508,0.05197087583392091,0.0011164064559238873,0.000890855158864385,0.0036149445100721136
559,6,0.00013439466542119476,0.00010058042555111923,0.00027225702500129973,0.00036963659461808275,0.00022378582781682748,0.9984072078238366,0.0002743243426718277,0.0002178132950833116
560,3,0.00038513804296037526,0.000257864184750926,0.9764361185898109,0.00011396686360849796,0.012977388728694656,0.00017519527225245076,0.0004353088248668358,0.009219019493055508
566,3,2.643429778336736e-07,1.5251111108637845e-07,0.9992809009977031,1.6118903821593756e-06,0.0006062586979105022,2.7293922137464628e-05,1.1368144217866562e-05,7.214949355986109e-05
570,7,0.00037024796850262167,0.00018525149400019092,1.6946094046589825e-05,4.493126652838163e-05,0.0006536338315883931,0.0002961049393217377,0.9983330384092303,9.984599678195894e-05
572,3,0.00027157757178600814,6.889534011460824e-05,0.9966274078587464,0.00045675654140304073,0.002140041241876715,2.8215410462255337e-05,0.00027411458048838387,0.00013299145512232972
574,2,0.00031722738310927976,0.9977624988957038,0.00014751684774293592,0.00025421367060663586,0.0005534727145642116,0.0003753832085863875,0.0002407835367304197,0.0003489037429564483
576,3,0.09736087698112228,0.004712877827157114,0.8067190003252501,0.007271888074090542,0.031452540620409204,0.004127938417707164,0.0030540137748296965,0.04530086397943405
593,7,0.0002161172247416287,0.0001129824997727279,5.7410772205473834e-05,4.9653746597395195e-05,0.0013857864602598129,0.0001656485348023244,0.9978989535432012,0.00011344721841948558
601,3,0.030958096343437165,0.011683266506778934,0.7996249543754879,0.0019318090157841722,0.00193680785967626,0.14996823470519396,0.001360099655947857,0.0025367315376936483
605,3,0.0001973765240438716,0.0001375769125902389,0.9589648087535029,0.001474813585438694,0.015482937164327373,8.716559568346463e-05,0.006539024914396494,0.017116296550017448
607,3,0.000617384304899052,0.00010006202834267221,0.9925857500153956,0.00010876381805315645,0.0052220513055702845,7.216729096999299e-05,0.00015443228320199398,0.001139388953566935
610,3,5.301993265965858e-07,2.944877965744128e-07,0.9988192981546287,7.2374341580736105e-06,0.0009051876948205453,2.2665934935342257e-05,7.760991523571993e-06,0.00023702510281066973
611,4,0.0124531778269782,0.0014009649572191472,0.002179691875478699,0.8747754520984722,0.0024666445327681517,0.0009082719971030465,0.10474660776867539,0.001069188943305192
616,4,0.008319405807187583,0.002179700268611602,0.0014282057878372027,0.9630202348070318,0.0018429093202201022,0.001387267860602952,0.02080849225074857,0.001013783897759881
627,7,0.0011786134882409442,0.0006434047531359146,0.054485195449571186,0.01150097547628739,0.048310069909324925,0.0005713252576563138,0.8806284116871435,0.0026820039786398585
639,7,0.0006403251821364485,0.00016627041536927854,0.00011571882955874797,9.970883742102336e-05,0.0012435599698351245,0.0004365457057216492,0.9970453588799572,0.0002525121800005219
653,3,0.0001779828308729413,0.00012707515503215341,0.9710615241904326,7.636937367491691e-05,0.02588456141080071,3.094994623590587e-05,0.000488906348738179,0.0021526307442130566
655,3,0.003434800731899647,0.001409262144974869,0.5717415006710559,0.0020375327456457126,0.3977395107165474,0.0007946138410075625,0.0010222012901989124,0.021820577858669688
656,2,0.0009971200822006586,0.9841583352620926,0.0005149113371674811,0.0007795611218678005,0.002641267216665675,0.0004973496399466341,0.009547130052081148,0.0008643252879782558
660,4,0.007554552385345033,0.002837669593019005,0.0023090251103123254,0.5896355564987059,0.006455180598118417,0.0019225133071419064,0.38711869381194847,0.002166808695408886
668,3,0.00017013892236737396,0.00011948309547262454,0.9771098680104595,0.00021180903808757826,0.021921742141055477,5.313087600845383e-05,0.00010348357349439528,0.0003103443430544864
671,2,0.002321939357676123,0.9917908486064834,0.0010351361067440423,0.0005738820569737419,0.001485248905610361,0.0004010679594775582,0.001541325581698401,0.0008505514253362186
672,3,0.001703680364556984,0.00039458808806489877,0.9835178268305892,0.0004708249215076702,0.0056070454401611885,0.0002883219258726118,0.000700698221622274,0.007317014207625176
673,3,6.426799005643207e-07,3.1852831304169e-07,0.9986482360007376,4.655645246018063e-05,0.0010123777057058126,2.320346558567855e-05,6.40468030427757e-05,0.00020461836425435002
679,7,0.016720562656421207,0.0034114002542277276,0.04565684107308968,0.00597152189541311,0.0016920065200291326,0.0007087004219130185,0.9251966335478622,0.0006423336310437599
681,3,0.0009176922103166436,6.0493442688166105e-05,0.9980060631630248,0.00015443502900890869,0.0005367683110620338,2.0617943825340077e-05,7.87880183365297e-05,0.00022514188173766096
682,3,0.000504098922910158,0.0002726040987627685,0.992737678145122,0.00017185011237570792,0.001840241171765289,0.0001736121418201655,0.0002295049026151042,0.004070410504628615
684,3,2.2580178904301747e-06,1.4127019570117935e-06,0.997435035545811,2.7078471659254083e-05,0.0023435274543852137,4.158706977057047e-05,6.212894404232731e-05,8.697179448396454e-05
690,4,0.0006663307233348956,0.0005774399314226625,6.193653401171192e-05,0.9890075315764111,0.0003032223115009238,0.0003087997983193347,0.008841311136986284,0.00023342798801324788
692,5,0.0020860460828617073,0.001684048704757607,0.0032639422947200953,0.0009666747969984257,0.8839511013087636,0.000723008329669216,0.005734735393396484,0.10159044308883275
693,4,0.0009362987227578707,0.0005817522040980428,7.046212380096532e-05,0.9971043133541422,0.00028407582909580775,0.0005206799417338182,7.710366947217257e-05,0.0004253141548995478
694,5,0.027535619924796802,0.006831672988835789,0.1399153722098181,0.08450223469691256,0.7161676669293293,0.004649238199983429,0.006087401166112189,0.014310793884211364
699,3,0.00022161536215483033,4.058181761950947e-05,0.9969405703338975,0.00030304370843344805,0.0012807104373560524,2.948699220949543e-05,0.00021261015687384701,0.0009713811914552202
701,7,0.000391977110512304,0.0001062189914890152,3.745271469405758e-05,9.096766302901552e-05,0.00042775417531874484,0.00033583734068658996,0.9985211565739774,8.863543029279615e-05
711,2,0.008553521269635937,0.9368668272411813,0.0022295053074787314,0.002777086465808647,0.0035535773081289586,0.0019020240897056468,0.0424773790061401,0.0016400793119208325
712,3,0.11731354564119484,0.0018544779163049798,0.873526072688607,0.0005721842112132822,0.003693368602882886,0.00039215676584422235,0.0010354806246922706,0.0016127135492609776
718,3,1.6139022857409492e-07,1.213066242567774e-07,0.9992842284782087,3.6201017079635714e-05,0.0005662532268951156,1.4846748098343474e-05,1.114282934095353e-05,8.70450035241335e-05
720,3,0.00018280610116814402,0.00010561736011630153,0.9975149645028583,5.031987974120994e-05,0.0010843577250266192,0.0001359852843125676,0.000177097545915451,0.0007488516008614378
722,2,0.0002912900966856239,0.9974661031163515,0.00015264418537524186,0.00020037628380365554,0.0011054425663396287,0.0001811409644675996,0.00017706901273043186,0.000425933774246389
727,2,0.001317553198322943,0.9938348813974615,0.000501693184455798,0.0006952989591105624,0.0017904827189850513,0.0007342857652918784,0.00031362840618072305,0.0008121763701913827
730,7,0.014174748401040289,0.001758045909974971,0.001432808954735349,0.0036194933007619957,0.0018929627242877658,0.0006856532238947502,0.9757141911885567,0.0007220962967481855
733,6,0.02223420363312639,0.0011721486111086923,0.0003964841671948062,0.0005413239582570769,0.000429775435850229,0.9743891014607958,0.00041039086325029986,0.0004265718704170252
736,4,0.0023891216366779392,0.0008176924607151081,0.0016481215742339312,0.9888949753039419,0.003885947889066296,0.0006324984019976948,0.0012002268253257001,0.0005314159080417676
737,2,0.0004817842875153884,0.9956268989470134,0.0002368977954038342,0.00040138925823248356,0.000835841073674315,0.0001639445388170597,0.001729961294941545,0.0005232828044017635
739,3,2.9489707192424227e-07,1.5639099581060052e-07,0.999197964863462,3.208496028239799e-05,0.0005505697911323359,3.805048146159972e-05,1.2938132590456647e-05,0.0001679404830036705
752,1,0.898032128261749,0.00405323637848974,0.08493336842846644,0.007589127318911422,0.0005947951285561224,0.0010554721415470768,0.0026772494857536734,0.0010646228565264406
753,7,0.004514975253116811,0.0004020615522645222,0.000884464990271919,0.0013234409844509814,0.0023773590356245167,0.00038517308420780885,0.9895676591071612,0.0005448659929025036
754,3,0.0007124298717674956,9.757048004279903e-05,0.9944368804616655,0.002621855253578462,0.0009597948347608326,2.7185163295813803e-05,0.0007061460803483957,0.0004381378545408574
759,3,2.236007055920399e-06,1.2078883197707242e-06,0.997880360152672,2.6477965564789028e-06,0.001969856430838249,3.249804419150712e-05,2.286397510598469e-05,8.832970526021026e-05
760,6,0.0006143117583989868,0.0019761987042678114,0.0006747722884930633,0.00040740944222235386,0.0003542431104735886,0.9953380556305732,0.00033371137203764114,0.00030129769353325357
763,6,0.001231099773767524,0.0015511715165414362,0.0036945460671860405,0.001314538640366641,0.0011501719358780428,0.9883134605369889,0.0019606414039555994,0.00078437012531504
766,3,0.00024581496955668127,0.00024677096024097115,0.9602457787597205,0.00021241398509612978,0.030752729981040013,7.306446395455573e-05,0.00013282211926086791,0.008090604761130145
771,3,1.0151373234897943e-06,8.969034330079564e-07,0.9978513657176018,0.0001841893491491236,0.0015644434225678678,1.1854076474840236e-05,0.0002819208710457474,0.00010431452240417916
773,3,0.0002514586907818249,0.0001773888334928324,0.9967325901760126,9.810388249420593e-05,0.002117964190511575,8.514552118148054e-05,0.00015300931993163976,0.0003843393855936229
780,3,9.734648052602998e-05,0.000193852078460813,0.9896460837337938,4.810687878697213e-05,0.009587249555622011,2.334238853595649e-05,0.0001131910878379387,0.00029082779643637156
790,3,3.162481545070129e-07,1.4975529901122213e-07,0.9992598655521903,7.361838279396134e-05,0.0005494157744481921,6.523749284065265e-06,9.179064693327624e-06,0.00010093147313622037
808,3,0.0002417743473442297,0.00019194660320329235,0.9834750327195501,0.00010039288725462865,0.014654994474491837,9.18647093063228e-05,0.00019265236709476306,0.0010513418917547704
818,5,0.000473393796036804,0.00022141957256829203,0.0012363244614030156,0.00021520074973070403,0.993547810307976,0.00022296138326806383,0.00024159050492596085,0.0038412992240914657
827,6,0.0003086645849427848,0.00020714899881995607,0.0003439654608191444,0.00028437058363077266,0.0002539189786121592,0.9981120029622318,0.0002555527124826528,0.0002343757184608784
828,3,0.00042377003166965357,0.00045942016208991185,0.9925653474917172,0.002465260320713381,0.0021698036118725575,0.00013142311076015076,0.0007029066531914682,0.0010820686179856694
832,7,0.001137980147750497,0.0008389583091820947,0.00013640029539096064,0.06083659835384239,0.001376995327583055,0.00096047035948901,0.9343286452745597,0.0003839519322022303
833,3,0.0005905446243767267,0.0011042035134206504,0.9963204668142509,0.00013628578722248546,0.0008463642898361046,0.00013610909819405663,0.00014954152171837117,0.0007164843509809976
